208 266
-194 -188
191 -51
1243 112
81 949
-279 -143
206 -97
387 636
-244 984
225 215
431 597
-557 -391
-675 92
-345 425
495 -500
204 396
199 -295
195 169
401 47
-632 -588
330 -584
-371 80
294 -372
-465 240
73 -145
548 258
431 -439
-447 423
-129 648
66 583
-704 161
-371 1023
431 0
-177 235
931 -332
-761 -297
-90 -411
707 367
125 -96
-319 1009
-197 663
344 668
800 -99
77 -215
-291 -435
-169 457
-383 158
-369 -761
369 143
-349 -481
-14 479
-167 -171
-393 91
52 696
-10 -582
-239 -430
50 686
-380 149
-482 -85
445 470
-510 -104
-65 -735
23 -106
114 201
474 -342
-86 -947
362 -300
-303 -698
-342 -63
-41 -712
-20 -179
486 107
-396 154
140 158
-609 137
76 328
-449 -270
184 -260
821 72
404 1
-91 -79
-858 527
-614 -66
-189 -28
-440 -6
-375 -854
-257 13
-20 -353
297 1172
-215 974
-66 -674
-92 296
405 285
127 749
428 456
287 66
430 70
-452 118
695 657
380 345
-982 94
-674 706
264 -206
800 -268
269 482
330 -327
-321 -48
-131 -825
74 536
-242 280
-165 413
-290 -123
227 111
-48 537
-152 -581
-250 727
867 -908
143 212
109 -513
423 220
-57 -134
-631 -796
456 437
-9 655
-52 -372
710 333
-101 34
-456 -128
276 188
-196 -224
225 -66
1187 162
128 906
-247 -127
253 -62
392 683
-213 1023
222 157
469 589
-558 -382
-631 93
-285 365
513 -418
324 -362
-134 205
478 -729
741 86
866 371
-629 -131
-18 -281
45 319
-449 725
-400 12
848 -50
967 456
-348 -153
41 -448
698 618
409 -126
-358 508
-38 -31
-297 243
-285 -531
209 -93
519 -39
170 6
8 -110
35 283
224 -221
168 59
243 -25
-874 180
202 -39
579 566
-759 149
189 427
-323 -482
703 -4
-327 -128
517 -206
347 316
71 434
16 436
98 -5
146 -91
-4 -56
-381 364
457 314
-272 -23
114 297
445 -158
60 -203
-34 52
-400 434
-317 -237
368 48
407 -38
231 -728
189 -19
22 299
76 -592
-234 -110
-436 -300
159 -485
235 -298
-587 -289
157 -293
613 -150
404 -286
-88 -88
-157 101
-294 161
136 446
204 61
147 372
154 248
207 70
73 -78
238 -178
175 -775
-485 53
23 -98
-207 -214
434 172
-75 -35
-293 212
-257 -487
227 -57
515 -36
218 -29
29 -105
40 294
244 -207
196 64
299 38
-886 170
225 -65
613 534
-751 132
179 460
-335 -484
641 -27
-310 -130
499 -134
385 360
101 443
4 406
72 -21
150 -122
-50 -33
-411 392
447 292
-324 -72
160 258
481 -181
67 -230
-11 37
-374 443
-284 -233
392 66
428 -26
213 -742
145 -2
13 322
76 -538
-241 -117
-424 -239
138 -472
227 -256
-580 -293
146 -255
586 -143
395 -246
-108 -32
-120 109
-271 202
151 456
210 34
140 377
159 283
206 106
126 -75
247 -155
232 -733
-464 96
51 -86
-165 -204
436 179
-81 -6
-293 204
-213 -457
232 -68
519 -39
225 30
56 -103
7 264
250 -219
199 69
255 -5
-879 153
244 -66
592 539
-698 118
-519 759
94 951
-455 -86
-815 -720
-346 58
-266 714
373 -224
-27 -370
-5 -323
12 244
895 -451
-417 -124
429 270
-288 -603
-594 -131
-939 471
554 503
125 508
244 362
-511 -140
698 64
498 348
-17 -454
208 318
-559 -65
-588 -36
398 -432
246 -206
232 195
-153 -26
471 295
-1127 -85
-705 -1003
-124 592
-83 106
73 -372
333 -728
567 -392
-210 -96
-752 92
-88 -665
903 667
-93 270
438 101
453 511
-429 170
91 -475
-1 122
-422 -493
-170 335
-135 111
-333 -376
-768 610
377 134
355 -573
439 -187
378 301
-486 -190
11 -62
425 204
795 -420
-213 314
425 -382
-156 -241
228 -242
314 339
24 -304
-367 92
1331 -154
-715 266
-985 57
-162 -22
-376 62
591 -612
530 372
-195 -554
477 -29
-403 -370
401 374
-407 -23
-90 463
-301 703
-429 -147
767 595
-146 967
-246 991
-307 583
218 524
-208 -207
88 227
568 -265
306 452
-275 -5
-688 144
375 699
280 -3
-461 303
-346 153
-300 194
489 -173
-900 145
-306 540
338 -230
205 373
-184 429
-418 -747
-164 713
-147 -440
143 411
597 -36
-496 163
532 -198
525 140
434 146
498 -84
-25 124
681 77
874 -88
721 -252
-50 -190
-225 229
-694 106
-265 -669
-86 222
885 -197
292 -195
-593 -78
616 279
-648 721
55 1007
-492 -135
-808 -719
-332 50
-310 717
411 -231
-46 -382
28 -362
14 241
898 -372
-507 -178
451 279
-272 -668
-582 -195
-857 469
538 501
126 501
260 372
-532 -175
645 46
425 305
-53 -448
213 318
-589 -27
-549 -58
415 -449
226 -156
249 216
-158 7
446 371
-1180 -201
-642 672
17 919
-475 -82
-734 -709
-391 64
-355 725
406 -154
-28 -287
-5 -370
90 297
902 -415
-414 -117
447 301
-215 -638
-568 -184
-912 467
530 525
191 488
196 391
-503 -156
697 67
471 347
-11 -444
202 297
-568 -48
-486 -85
487 -395
210 -193
296 259
-176 32
455 316
-1135 -92
-660 -1067
-144 587
-86 48
68 -324
290 -680
522 -419
-207 -57
-733 106
-119 -688
931 668
-96 240
397 30
391 521
-488 178
68 -486
7 93
-377 -508
-139 354
-211 73
-435 -395
-744 653
372 136
371 -602
393 -241
380 288
-514 -201
-49 -40
383 197
774 -396
-192 316
410 -368
-236 -216
254 -235
308 400
-15 -347
-407 85
1258 -100
-795 239
-948 91
-144 6
-339 43
569 -567
509 400
-168 -545
482 -50
-392 -396
393 392
-494 -16
-76 448
-302 705
-372 -151
759 654
-217 902
-161 1065
-313 589
183 529
-221 -236
83 272
541 -284
278 458
-285 20
-725 156
364 762
315 49
-457 308
-368 172
-338 159
505 -170
-924 136
-301 497
301 -275
220 409
-178 420
-388 -742
-224 655
-194 -449
108 439
520 -21
-525 144
524 -200
538 162
419 52
499 -58
-62 121
627 50
886 -93
656 -262
-74 -274
-199 222
-676 138
-257 -688
-141 210
870 -263
299 -115
-592 -130
585 288
-630 719
54 989
-507 -140
-775 -690
-381 49
-329 707
391 -166
-50 -327
15 -288
19 265
896 -399
-412 -115
383 279
-193 -599
-591 -153
-923 467
541 490
165 523
230 334
-534 -220
728 88
488 348
-118 -485
210 318
-516 -56
-598 -99
438 -423
263 -159
242 196
-143 20
439 340
-1189 -244
-612 623
45 941
-456 -85
-734 -752
-314 28
-320 720
375 -179
-6 -363
52 -363
-14 232
951 -421
-470 -164
484 284
-241 -650
-609 -146
-911 445
519 465
149 514
237 354
-530 -195
718 48
469 319
-63 -473
204 291
-538 -95
-494 -84
423 -472
215 -208
247 179
-130 1
421 292
-1167 -185
-654 -1121
-140 585
-62 62
94 -373
339 -700
518 -426
-228 -105
-767 81
-143 -684
838 704
-129 273
431 53
394 584
-495 198
88 -448
9 148
-387 -481
-207 342
-189 117
-414 -381
-781 605
368 156
325 -536
401 -243
355 320
-462 -228
-22 -6
391 209
754 -354
-210 332
402 -372
-216 -194
263 -241
338 414
18 -335
-375 103
1267 -69
-780 246
-974 95
-197 -29
-283 74
638 -573
428 374
-151 -582
562 -32
-381 -423
382 352
-411 -54
-77 412
-340 652
-392 -217
768 675
-239 902
-204 1014
-307 578
158 481
-243 -233
103 249
513 -224
290 443
-268 -38
-681 100
358 717
266 29
-486 244
-371 155
-287 154
458 -137
-958 95
-303 514
279 -265
197 360
-202 402
-428 -715
-189 695
-177 -487
88 442
492 29
-565 171
454 -168
494 187
394 70
471 -25
-73 109
621 72
881 -52
657 -235
-122 -277
-242 191
-677 115
-274 -683
-148 241
902 -248
302 -107
-554 -92
587 334
-700 771
54 946
-477 -94
-780 -795
-346 22
-347 668
472 -171
-7 -362
23 -308
28 253
891 -440
-446 -131
442 278
-199 -597
-556 -137
-899 440
544 524
160 549
230 359
-484 -175
705 100
514 359
-6 -447
164 320
-576 -85
-530 -103
477 -450
254 -158
249 185
-114 32
417 343
-1158 -256
-611 600
-5 904
-453 -193
-757 -756
-320 15
-329 702
418 -199
-1 -329
-10 -320
39 280
918 -375
-468 -144
395 324
-260 -628
-572 -130
-922 396
488 539
105 544
210 368
-525 -218
736 82
510 317
-26 -451
188 287
-581 -74
-557 -55
407 -435
219 -141
233 208
-130 39
427 332
-1122 -94
-619 -1113
-190 638
-109 63
83 -351
324 -654
541 -344
-196 -21
-790 109
-83 -640
852 764
-88 279
424 103
435 555
-476 149
108 -458
12 91
-338 -548
-146 369
-147 138
-356 -382
-765 590
363 126
361 -531
445 -221
419 345
-452 -222
24 -33
403 184
821 -378
-192 284
433 -385
-168 -256
256 -302
302 360
12 -320
-351 82
1288 -119
-744 257
-954 22
-165 -29
-336 15
594 -536
484 433
-115 -579
552 -37
-352 -428
366 324
-442 -40
-70 426
-340 649
-406 -221
736 675
-249 933
-238 1025
-352 590
157 511
-227 -233
66 215
517 -234
292 451
-281 14
-659 128
316 725
276 23
-507 280
-383 169
-328 169
442 -141
-890 112
-290 479
291 -259
155 389
-177 446
-372 -733
-194 675
-149 -476
98 451
537 56
-581 160
467 -157
538 211
421 79
476 -16
-67 101
638 131
879 -11
646 -233
-66 -233
-224 219
-695 133
-207 -697
-144 268
913 -225
345 -123
-549 -113
633 270
-664 725
28 927
-458 -141
-690 -760
-312 -4
-303 716
463 -191
27 -362
63 -384
22 263
886 -393
-447 -164
413 244
-236 -650
-592 -196
-894 450
471 478
113 525
241 362
-540 -241
727 104
434 343
-32 -449
170 264
-542 -94
-575 -94
444 -428
261 -159
284 233
-140 -2
404 350
-1115 -268
-613 594
-1 916
-494 -138
-698 -763
-378 -7
-359 710
410 -180
-51 -328
-1 -298
38 267
924 -364
-420 -181
390 301
-196 -628
-528 -193
-919 372
517 548
85 568
229 404
-492 -201
721 63
415 382
-47 -438
179 291
-575 -73
-544 -117
464 -480
260 -191
243 202
-128 0
424 345
-1139 -142
-576 -1115
-192 630
-70 52
85 -344
405 -707
548 -384
-187 -69
-793 112
-109 -691
857 763
-60 213
449 45
398 530
-450 110
136 -481
-16 76
-373 -552
-137 338
-208 83
-381 -373
-736 599
363 157
366 -529
432 -220
368 311
-467 -189
0 -40
383 188
763 -363
-218 229
455 -410
-218 -224
254 -271
276 397
29 -348
-416 47
1208 -60
-761 215
-989 34
-195 -25
-360 37
618 -537
415 417
-127 -576
477 -67
-399 -406
362 379
-414 -29
-66 421
-337 616
-379 -252
715 629
-233 915
-239 1039
-362 588
99 500
-237 -232
109 246
521 -271
307 525
-297 34
-714 134
298 809
269 53
-534 255
-385 183
-313 166
466 -185
-911 142
-343 519
339 -250
232 378
-184 424
-354 -718
-256 683
-164 -460
117 487
520 27
-556 139
510 -166
543 222
444 105
512 -22
-18 135
623 97
837 -44
684 -219
-35 -249
-226 168
-706 109
-249 -711
-188 215
913 -167
300 -99
-552 -154
589 298
-638 687
15 966
-497 -167
-763 -759
-334 -10
-337 713
396 -159
-17 -351
10 -332
10 216
913 -403
-474 -178
386 386
-242 -633
-587 -154
-915 402
458 509
95 580
176 397
-525 -179
718 97
483 399
-50 -479
166 335
-530 -110
-552 -93
462 -437
237 -132
250 220
-145 0
419 382
-1109 -274
-669 621
-39 940
-499 -127
-708 -725
-370 9
-297 689
435 -149
-23 -315
22 -328
27 307
879 -410
-389 -141
442 320
-176 -642
-564 -218
-912 399
478 540
152 587
208 368
-495 -159
730 112
419 404
7 -452
181 340
-510 -112
-500 -87
454 -432
254 -147
245 191
-147 -23
409 365
-1117 -142
-587 -1129
-206 596
-103 16
53 -359
380 -694
499 -369
-186 -110
-717 65
-96 -666
853 754
-84 291
416 96
374 536
-485 156
82 -484
-7 73
-378 -534
-205 306
-191 50
-427 -451
-834 575
315 169
453 -534
411 -158
375 341
-490 -218
48 -50
364 218
730 -376
-235 308
420 -332
-240 -232
298 -209
298 411
69 -375
-337 98
1233 -20
-816 226
-938 -7
-134 -11
-372 12
640 -545
476 467
-102 -537
542 14
-408 -417
361 386
-474 -80
-83 444
-341 632
-367 -206
739 636
-257 892
-264 984
-361 546
111 527
-240 -238
121 238
544 -211
285 444
-237 -7
-709 88
299 697
324 56
-487 241
-398 126
-276 121
470 -137
-962 22
-305 493
315 -225
123 344
-193 420
-300 -765
-233 595
-136 -494
86 465
538 105
-565 97
493 -149
572 131
386 81
522 -21
-3 97
639 78
872 -40
672 -237
-100 -289
-263 153
-735 77
-285 -705
-179 231
898 -220
325 -93
-580 -136
630 299
-691 741
4 931
-418 -166
-755 -749
-394 6
-341 691
459 -226
-11 -359
38 -317
27 283
921 -345
-472 -138
440 325
-209 -643
-565 -186
-969 340
482 539
90 523
196 422
-506 -240
736 139
453 375
-11 -469
162 346
-599 -116
-536 -159
510 -427
246 -103
236 174
-120 29
433 376
-1171 -312
-631 572
-39 928
-511 -146
-723 -810
-317 10
-372 687
433 -171
-1 -360
19 -368
38 258
923 -365
-392 -132
383 336
-214 -636
-577 -249
-940 345
484 496
122 491
202 357
-531 -216
697 135
460 333
-2 -470
187 292
-565 -103
-570 -156
445 -386
230 -163
203 213
-150 50
351 335
-1141 -205
-672 -1112
-235 563
-153 52
92 -358
325 -712
539 -361
-240 -90
-775 33
-86 -691
842 797
-139 265
424 44
341 551
-483 150
96 -472
-43 111
-372 -532
-209 377
-189 116
-418 -368
-802 564
382 168
423 -524
427 -165
349 329
-453 -222
-13 -80
404 248
856 -292
-210 273
422 -381
-129 -225
266 -217
264 421
45 -318
-419 80
1255 -8
-756 205
-972 -13
-157 7
-364 73
628 -545
491 452
-166 -603
545 -17
-333 -409
385 374
-457 -62
-116 439
-335 607
-368 -223
760 680
-222 865
-287 998
-341 555
130 457
-239 -248
102 247
583 -278
220 490
-272 15
-690 105
294 798
236 53
-522 266
-346 168
-374 173
487 -107
-961 33
-379 456
278 -278
141 387
-242 420
-347 -756
-282 696
-177 -438
56 482
419 37
-557 123
482 -92
525 165
410 100
481 44
-106 140
637 108
824 5
624 -174
-47 -269
-231 190
-716 94
-230 -696
-125 225
881 -160
317 -115
-543 -145
595 387
-663 690
8 994
-492 -134
-722 -757
-392 36
-342 639
431 -166
-13 -359
17 -302
9 257
906 -363
-411 -138
470 326
-195 -645
-564 -189
-894 333
482 523
128 547
223 446
-491 -212
680 130
455 365
-30 -459
186 332
-489 -129
-555 -151
507 -439
227 -143
250 215
-147 36
371 348
-1115 -333
-662 540
-103 899
-448 -196
-685 -812
-333 -13
-405 659
441 -164
-11 -349
19 -358
-34 281
942 -351
-404 -170
402 311
-174 -669
-549 -178
-974 333
461 544
110 531
193 390
-498 -233
707 91
438 362
-21 -455
204 330
-593 -81
-551 -135
438 -403
289 -159
177 212
-90 -38
387 362
-1143 -199
-545 -1172
-233 617
-115 50
117 -371
378 -683
568 -323
-178 -80
-739 57
-83 -648
816 827
-118 247
408 86
334 599
-450 125
121 -437
17 145
-365 -532
-209 352
-178 127
-403 -406
-808 574
361 180
410 -510
466 -145
365 353
-492 -253
-10 -52
421 184
750 -309
-192 262
457 -384
-165 -301
251 -248
299 398
47 -386
-412 37
1235 -12
-765 181
-976 -25
-153 -46
-342 -44
609 -543
443 402
-148 -581
529 -24
-349 -419
386 404
-456 -88
-151 416
-351 618
-405 -175
687 706
-344 892
-325 1026
-379 560
79 527
-233 -272
58 248
546 -228
268 479
-289 -42
-702 91
265 779
276 79
-546 236
-399 140
-309 109
493 -143
-970 79
-336 460
339 -222
177 394
-199 437
-347 -796
-242 625
-124 -460
92 506
512 97
-565 126
483 -129
544 245
388 147
496 -12
-54 116
609 158
876 1
621 -241
-61 -267
-229 169
-661 87
-220 -728
-153 248
942 -178
300 -106
-538 -148
583 335
-699 685
-5 969
-442 -172
-695 -774
-327 -22
-394 665
404 -154
24 -351
28 -329
-10 273
950 -332
-454 -192
426 327
-204 -622
-558 -263
-959 343
449 487
58 522
181 398
-520 -258
691 105
438 336
5 -484
185 290
-584 -125
-568 -146
466 -426
228 -135
218 242
-143 -2
401 374
-1169 -308
44 -302
-109 409
-69 294
-303 690
-334 -439
-46 260
223 -195
-135 43
943 258
-130 602
71 -120
-868 330
-171 474
130 -714
748 8
702 38
-59 -189
-650 -850
364 196
-187 76
-837 137
-152 224
211 -554
193 -26
569 -477
19 509
216 -546
317 -284
268 -235
230 -361
-421 332
444 -249
454 -94
233 -1124
-11 -430
326 443
-611 956
892 455
724 76
-366 -70
-716 124
286 506
-523 -494
-130 41
54 100
-380 90
-50 -129
-283 -446
-107 -868
535 647
310 -922
-66 -100
181 105
262 243
165 113
-212 -438
-550 400
-245 816
-473 393
-157 -314
-812 853
-54 317
148 22
-563 514
8 644
791 -118
190 368
784 608
-103 18
-278 174
-650 -191
-234 -7
-638 443
-617 -525
643 957
-407 578
375 82
-105 -12
575 -771
200 767
434 373
-890 197
-357 -275
-132 379
122 -88
210 98
496 -489
-195 220
269 -418
327 63
124 1102
-393 -342
-484 -256
-958 217
-198 236
-100 -177
-133 -272
538 392
-437 18
-71 -263
-544 -298
-572 -291
307 -129
-634 -56
-78 730
113 -71
-355 -39
-490 321
-493 -326
834 492
801 387
-145 325
318 -245
-284 -648
422 368
413 339
-55 -702
600 -286
758 425
14 -165
25 -583
-74 627
-323 390
117 -100
704 474
-632 -40
613 186
-925 -136
105 -257
-146 386
-81 315
-323 673
-363 -460
-24 304
243 -200
-144 -25
943 282
-165 599
-11 -178
-915 321
-190 422
186 -717
733 38
675 17
-74 -227
-631 -826
383 163
-208 97
-842 111
-162 249
245 -603
169 -46
545 -509
-14 515
189 -570
301 -248
290 -247
253 -354
-389 308
507 -256
-271 179
578 -290
-417 289
-653 -93
-267 -15
-312 -1069
305 -352
-360 -284
25 12
243 62
372 -700
-772 -252
148 -647
1018 699
202 -292
-242 642
187 712
109 -432
260 -829
350 609
-74 -218
470 687
883 -99
294 -567
581 -82
489 695
-93 -346
-79 -313
482 -224
-470 -817
719 278
-1138 546
-151 119
158 421
518 -178
531 227
584 -278
851 -222
-280 109
-207 -523
-225 -508
140 465
-519 996
612 -1033
-265 254
-259 -269
-229 190
-610 -321
-532 -224
530 -192
264 -269
-180 -205
-795 -459
421 -162
359 -557
-255 -291
757 -319
-341 -125
-200 459
-146 -66
-56 140
-32 -1108
15 223
-334 -310
645 197
-276 201
262 381
506 463
-814 -50
-15 -84
347 -331
433 -113
301 153
-611 -269
862 -141
-350 -60
-820 -47
-818 -283
-265 18
-95 482
427 -76
47 -552
-65 -55
-141 -983
-216 406
37 76
-323 -409
59 -211
30 -33
310 -125
184 458
-338 550
-498 542
-912 -413
270 556
-518 -65
-311 217
646 -508
-181 116
230 397
244 -299
-756 6
676 575
57 1
353 252
-350 -309
-461 -421
-17 -895
14 184
156 243
431 -733
160 -400
-347 -74
-37 411
-156 -164
-239 -851
-406 -817
-794 -426
-779 -172
194 -441
-512 12
-213 -198
629 672
471 389
-442 377
-337 29
449 -165
-584 386
-307 181
540 -312
-328 266
-713 -57
-263 49
-448 -976
314 -435
-413 -177
1 -67
280 129
389 -735
-773 -136
128 -665
1013 691
196 -239
-212 655
216 697
96 -340
258 -816
376 631
-13 -220
462 750
928 -48
306 -520
570 -93
466 717
-123 -306
-125 -295
460 -208
-447 -775
725 268
-1265 554
348 -382
-98 -255
71 418
633 253
-434 607
277 28
713 -268
114 -149
-145 -919
-654 231
250 143
-44 267
-445 -330
-182 130
-610 551
-30 -36
140 764
-567 -553
-610 446
299 353
-272 311
-809 79
148 97
-189 661
-22 -509
-291 252
-182 -109
519 854
-54 -245
-150 823
5 156
341 -187
-399 130
-201 -938
280 -317
213 46
625 53
202 -215
303 -987
247 -415
296 318
-286 -689
-191 394
-515 -166
-735 223
1176 341
308 382
217 263
-369 266
507 76
-391 -210
67 425
58 -45
356 -810
162 652
-703 971
-486 -792
-288 -420
-367 122
49 329
300 129
449 649
-311 -304
-476 -136
-411 -37
-748 203
-522 -544
692 301
434 286
-264 -327
173 -808
-490 -561
-266 39
304 -500
-9 -981
84 -376
-118 573
-353 54
-774 295
30 951
-86 -14
-73 -112
-506 166
-927 -528
230 -230
-864 142
-282 -20
235 -307
-533 -183
137 -550
-229 -19
354 -392
114 112
-1069 -176
-582 -348
17 381
316 125
43 -607
-464 -341
195 325
240 -238
-563 504
114 190
72 -432
-305 652
-403 861
-366 392
451 -436
280 -132
325 -413
-80 426
203 2
-1181 -140
73 -526
-353 -82
261 -379
298 588
38 -411
271 -283
501 29
567 836
482 -360
-288 1321
-485 -816
-512 273
62 -78
181 -225
-501 100
453 -314
-24 -288
109 389
617 263
-461 628
315 68
718 -244
109 -155
-132 -940
-536 285
291 161
-14 281
-463 -365
-150 165
-625 520
29 4
138 798
-541 -546
-569 467
250 339
-251 253
-837 47
206 48
-174 674
-59 -556
-311 265
-198 -66
557 846
-33 -267
-158 847
3 173
373 -258
-265 717
-259 27
732 1327
-517 -409
-516 83
461 25
-146 129
401 -100
658 -449
577 -522
812 404
-35 179
-13 273
-112 661
-397 101
244 -937
552 242
-16 618
-486 627
92 624
183 255
-207 -230
-582 117
-257 -206
584 -160
-605 -504
-442 -267
-917 62
409 483
286 39
-908 -441
-86 -573
157 -449
26 -176
-329 69
-142 -251
-420 -432
-201 580
155 -362
-390 63
-630 -37
-898 -406
563 -571
-415 308
-153 -497
-281 192
450 17
-609 -179
-827 295
-239 229
-154 -415
-499 -76
150 689
-13 -703
-137 -154
646 -367
328 200
36 -50
290 277
635 -423
-59 -161
-1432 444
158 -150
70 121
499 29
240 -807
369 -480
-632 -765
-76 275
-513 485
-945 -90
1 827
-221 33
-158 -214
-140 62
93 351
-721 -308
-83 45
232 -145
305 475
94 306
-444 642
-152 61
507 -359
801 141
-248 -134
173 831
-151 9
213 -786
-309 287
-317 -344
-291 -14
304 -413
-667 580
271 755
-295 -906
238 68
-331 -324
260 -102
516 -218
-642 343
-458 -34
458 -6
202 141
179 -255
320 10
218 -89
-605 -597
517 -334
429 934
-456 -94
443 198
-283 382
-675 157
-274 684
-767 -326
-200 221
-391 641
-156 140
170 423
-86 -681
147 -530
219 263
1124 -294
-454 454
582 -629
-808 -177
-278 -424
-148 783
-342 93
747 1359
-500 -357
-501 42
399 46
-129 128
389 -70
684 -480
637 -537
846 364
18 160
4 199
-65 658
-376 90
231 -981
594 156
-60 538
-453 637
97 616
110 232
-217 -289
-625 81
-256 -312
563 -163
-586 -509
-486 -329
-948 16
427 482
244 50
-883 -525
-34 -558
74 -513
-322 -165
-67 -142
304 37
657 -770
-223 797
58 -186
-130 36
-429 -626
185 71
958 -220
255 -454
420 450
234 -862
-536 142
-361 -58
-43 -1198
-156 832
-989 -219
56 -759
126 661
40 -59
110 -198
-4 -525
-182 65
-154 0
-58 -114
-543 -660
-102 -492
-1352 -202
-937 -80
30 -23
572 122
290 662
664 102
821 -64
-498 -783
-668 435
279 265
-140 93
573 175
642 274
393 -213
45 218
-561 686
108 -81
152 -188
-409 500
331 -13
-548 127
-503 -595
24 -756
-129 -331
-217 -361
182 -26
-588 94
499 -252
-272 209
431 364
379 280
-124 247
194 165
-496 -424
-208 -88
79 616
259 -337
-194 546
-228 69
8 -247
824 718
-485 -1025
-172 7
320 -156
1089 198
328 -88
-3 239
-263 341
248 567
603 52
397 -107
-647 -234
-227 89
308 -350
286 641
-320 -158
-406 132
314 -615
260 -161
14 647
-423 818
91 -166
-751 24
-510 -326
-448 347
-35 5
-416 34
-230 -264
-623 -202
10 -443
648 -289
-537 809
336 -771
-263 -482
183 -195
68 -339
334 -364
498 -708
-637 202
-446 188
-170 -309
261 -219
-785 -791
442 -124
-269 482
-121 129
-168 -268
701 374
-25 449
-1023 446
6 73
817 -34
-59 -695
279 -77
209 -1307
598 -34
-71 -409
773 287
-518 243
97 -559
-325 -224
-4 -165
322 -40
676 -748
-282 740
76 -241
-186 50
-410 -632
218 145
949 -244
235 -393
439 447
192 -918
-606 161
-393 -75
-109 -1205
-142 881
-936 -208
49 -788
47 670
26 1
128 -175
-2 -576
-147 86
-184 -11
-126 -152
-571 -592
-137 -514
-1375 -210
-914 -97
17 5
853 -569
687 442
-389 252
-776 -523
-481 -452
-613 -152
260 583
-743 -263
-69 436
-208 149
87 629
284 118
-378 -627
890 -150
-135 -17
331 914
-698 -385
55 -505
-19 -91
99 -87
-293 -49
-101 -229
73 61
605 -146
97 693
-264 -204
327 157
-126 -88
150 -252
21 -293
-64 -315
53 -696
-387 -112
-246 -243
-466 -211
-868 93
499 -720
-211 26
227 -370
967 265
30 -56
-418 -241
338 1
-628 155
-417 425
-505 -111
-58 -468
860 153
97 -1527
13 -591
-112 657
260 101
280 101
-180 -174
-185 -135
331 1008
-83 933
321 -250
412 292
181 589
-29 67
184 130
253 -16
-114 21
351 -464
-662 401
783 -45
402 1369
70 150
67 46
534 254
-389 37
-370 55
221 690
817 510
-900 -84
558 32
-396 709
551 62
-237 42
-498 -219
741 -137
383 -225
69 -1023
-354 -447
265 194
342 323
155 -114
657 21
131 -312
712 -305
-228 -217
201 124
-72 225
164 -64
670 -357
610 577
-290 -220
-259 88
101 522
282 130
16 66
-52 -79
-284 241
70 -518
-859 -671
906 141
70 -820
-1360 -215
310 737
31 -8
-469 20
782 83
165 675
62 -66
-10 -195
447 -104
88 669
-197 249
389 606
684 -495
36 329
99 -331
85 609
-835 -124
-259 -307
-73 -843
466 -179
855 -554
731 356
-360 326
-818 -562
-473 -420
-639 -249
248 619
-750 -286
-98 427
-150 176
76 649
374 143
-418 -636
927 -201
-137 -59
344 932
-683 -295
24 -494
-31 -131
133 -101
-241 39
-39 -229
132 65
677 -105
114 626
-212 -191
344 147
-118 -76
166 -271
64 -246
-1 -330
66 -578
194 -1042
554 735
258 -317
-502 -194
-58 509
-212 -775
-313 -618
92 381
-147 810
44 332
604 18
104 789
238 -347
-245 70
-109 -501
220 127
359 239
100 -396
46 433
233 -401
194 -153
-277 -201
488 -560
124 248
-117 -44
757 598
822 -251
-601 500
423 -492
-696 139
470 -64
387 -28
700 177
-394 781
19 -351
-151 -61
-203 249
-252 1327
-88 1134
-74 75
-486 -97
169 -106
-83 445
334 376
148 -560
-895 -205
-6 180
-733 -135
-466 -375
-256 1139
997 -201
328 34
424 -319
22 513
158 210
-216 552
-141 284
242 18
174 -426
625 -64
146 680
-450 414
-164 -90
-479 -234
341 -379
98 37
109 -276
-47 -909
71 260
-533 -144
90 511
372 556
-767 -307
122 330
265 893
114 -274
-1166 -383
89 -904
-521 196
-373 -124
-124 -995
155 -476
-478 -455
-299 12
599 355
829 -44
144 144
-519 147
36 -485
-335 58
-192 -325
-253 -716
177 383
-378 -98
106 -145
-447 75
-97 -579
-225 523
-390 618
-1089 524
331 -153
106 553
-836 -297
243 -516
776 461
56 43
-41 737
236 531
163 -425
319 665
143 28
760 17
269 -537
182 -287
314 631
213 -14
-276 -238
-85 225
-326 569
-419 -168
-587 474
257 -346
179 700
-170 -435
326 505
-389 124
-481 929
93 691
277 -1061
619 808
281 -359
-495 -109
-43 514
-249 -794
-283 -549
133 364
-177 778
54 236
566 21
119 762
274 -298
-231 116
-44 -491
201 211
395 181
159 -399
37 481
213 -361
152 -144
-290 -181
532 -553
112 221
-109 -87
702 544
813 -274
-596 443
458 -462
-678 128
480 -114
452 -79
307 2
-105 295
-585 187
601 -92
-610 -228
-73 406
247 78
-174 -475
237 14
15 501
924 -289
-119 120
223 140
-39 446
586 218
-137 -729
223 -78
15 -450
-676 57
108 378
-612 606
282 -910
851 -324
-163 118
179 -99
-423 142
-469 355
-182 -792
-270 575
-79 55
-827 691
260 -13
-215 -641
492 -425
-155 66
-491 -665
87 -275
929 396
-460 292
384 347
296 356
105 275
323 -442
-44 -735
-284 -422
-394 338
272 84
271 -144
-121 -32
-183 -567
-512 273
-125 -620
464 -866
-118 97
99 -199
222 625
-604 -571
-373 -11
-1227 243
294 965
-440 1
321 -659
299 231
345 656
210 -396
258 -55
-39 830
-807 323
-3 -723
73 -144
416 128
22 133
175 152
-7 139
-68 250
813 546
-228 745
355 -50
494 67
566 218
-849 -62
-287 64
447 450
601 79
689 106
569 455
-424 -331
-451 427
-440 448
197 189
-421 642
-1295 -404
33 75
-15 437
-275 -42
781 307
-144 204
721 666
-230 468
326 -266
-217 -316
90 117
179 134
-702 -95
-309 267
-413 -880
-1409 165
321 164
35 -497
-339 -149
623 367
198 -826
-410 221
36 -201
238 740
-33 -914
895 448
-196 826
69 559
-381 239
341 231
250 418
338 385
131 808
92 346
-223 397
-21 -373
-92 -472
276 -14
-119 288
-666 216
599 -71
-530 -260
-171 352
236 161
-182 -487
264 -2
-32 473
935 -329
-47 79
264 118
-79 345
524 211
-135 -749
155 -98
-53 -475
-682 57
60 343
-585 590
335 -881
794 -339
-251 124
121 -111
-425 90
-474 327
-202 -802
-294 585
-57 65
-818 682
162 -6
956 -435
83 -235
420 -401
138 -69
66 -232
170 -32
237 83
610 -947
-508 -523
-468 -542
427 525
1 462
-479 -159
8 389
-713 -146
381 829
171 -310
783 -167
256 -334
172 206
446 -64
968 -43
646 202
-301 -90
-383 -472
-68 -691
-54 -58
541 -613
-287 -19
-537 195
175 87
306 -35
451 -74
-70 58
369 -125
908 -821
47 781
-572 424
-405 428
-166 -450
811 -368
-1186 216
419 150
114 0
38 281
-20 -484
199 250
-320 -115
-177 52
308 -614
-356 715
457 -377
-138 552
-752 -61
250 -540
-328 115
612 398
12 -582
-181 567
-88 749
474 -482
526 -162
6 125
230 336
-696 581
7 -102
-296 385
-147 401
-182 266
-136 -221
368 -107
600 -560
263 637
-292 -760
594 92
-1202 88
-894 84
419 -711
-76 -251
149 -385
719 -784
-173 423
-242 7
495 712
1306 -186
432 801
49 -88
352 -202
-872 -109
-218 165
107 398
-246 618
733 185
-7 175
55 -301
-328 -200
-747 325
60 -574
-406 458
-100 -14
-581 -50
-194 548
353 189
-220 -52
434 860
553 -176
-757 112
-735 505
49 -10
-147 -93
-395 -82
-305 884
-216 -43
-45 -535
650 59
-190 247
708 -709
299 -47
423 98
-553 318
292 -194
814 -685
449 366
201 569
-70 19
-161 -263
44 -286
-118 -322
1071 -387
25 -230
411 -394
93 -75
58 -240
82 -17
228 60
604 -973
-557 -518
-477 -570
417 582
-56 425
-524 -109
-17 417
-677 -105
404 800
139 -319
779 -122
262 -387
212 240
472 -18
955 -57
667 214
-328 -42
-410 -374
-60 -681
-84 -43
577 -613
-259 -10
-512 184
214 127
332 -91
210 590
-422 247
349 -3
-45 15
686 199
-207 284
-149 41
269 -155
-778 -591
-561 -422
-560 572
-481 207
-28 121
454 71
130 306
249 266
58 488
-516 100
32 403
301 -361
-170 238
-104 -18
734 -514
301 284
432 -1196
-236 273
-270 -276
406 -113
670 76
-88 591
-51 -523
-4 147
-38 -335
354 -141
280 -322
-476 56
-250 -105
-31 482
-13 836
175 -808
1132 -458
-317 486
-40 -203
288 294
133 -910
410 268
-329 62
243 -372
-296 -550
-216 -375
250 263
473 982
-265 -479
404 726
832 142
-111 -568
-66 -255
-923 588
469 -355
11 868
-679 196
-536 440
-124 -247
-303 -90
-163 -150
289 -139
-10 1198
423 1173
-917 343
-733 591
-418 239
-1535 154
156 162
757 550
1 -179
-430 -295
533 -184
501 -256
-455 413
311 -397
244 406
-683 -116
492 76
-144 -82
206 1037
375 129
-233 32
567 410
-166 99
-655 -13
-481 -48
380 -341
178 -123
-406 -15
-1022 16
-496 458
946 -590
-517 169
291 -361
-409 192
-104 657
41 852
42 271
323 303
177 715
265 507
-10 -834
-284 366
81 -111
141 -53
-88 -828
-69 -211
162 391
-330 -186
-73 482
661 -608
-391 395
-203 -136
-325 -146
196 -691
332 -634
246 529
590 480
101 -468
64 201
-139 -338
572 173
51 185
153 547
-503 256
325 2
-28 14
678 233
-135 297
-211 39
315 -175
-798 -531
-533 -419
-613 558
-479 233
-39 61
414 104
175 270
208 227
67 470
-444 107
-67 451
333 -317
-162 275
-126 -44
739 -474
259 310
423 -1136
-285 186
-258 -242
489 -135
699 103
-61 657
-19 -485
10 126
-61 -182
148 -347
-485 29
264 210
-77 297
-245 204
-106 -308
987 -266
30 440
829 -410
-227 -14
-403 251
90 -120
-87 502
188 -460
441 580
-41 -580
-87 132
317 436
-206 -113
87 156
376 259
293 -140
147 277
-323 53
-541 -256
99 -133
-206 319
57 384
-136 -910
-255 -377
-373 588
-220 -495
85 251
129 49
260 563
-22 62
701 669
-530 -147
670 294
636 395
841 1133
388 223
410 -481
-301 431
564 -457
-450 -126
-626 248
-659 112
186 179
99 225
-437 -579
912 -156
151 166
-119 296
-225 264
-515 237
307 -127
879 646
300 180
-169 464
-203 1316
430 291
32 -776
-392 -260
-354 -211
-850 147
462 268
-73 1331
-408 -573
219 725
-66 355
165 -332
-460 207
248 -286
-67 -269
368 370
85 -118
-47 419
-288 -479
267 389
512 145
159 572
483 34
-161 12
-851 569
301 -205
1142 -920
113 -28
-153 -139
-338 -885
636 -689
183 139
220 336
-215 428
-377 -876
-771 383
157 420
-474 -853
-74 72
-641 -137
948 -340
80 -431
465 -46
-319 -15
-400 123
154 498
-873 -84
392 1106
288 229
-274 480
-321 -229
305 4
437 914
-473 125
-429 -72
-228 -213
-963 215
-322 41
221 30
-22 -801
-102 -257
-296 434
-419 77
99 849
-691 231
-2 -397
-428 -610
-50 -184
133 -311
-450 40
286 181
-72 382
-237 210
-84 -353
1007 -240
7 451
894 -437
-297 34
-416 245
93 -53
-137 423
165 -375
472 547
-71 -646
-22 99
326 460
-213 -132
170 142
369 239
332 -176
164 287
-289 8
-550 -333
61 -213
-240 328
15 375
-47 -863
-296 -417
-329 528
-812 338
404 454
160 414
-222 307
361 -724
-661 86
11 -147
-454 -394
491 -25
265 -79
-630 -54
-273 -324
-254 -298
127 -54
-157 -624
204 648
320 -53
388 421
219 394
392 -174
-874 -62
282 -667
101 199
460 -775
103 373
432 501
423 437
-32 -317
-81 318
1260 -176
601 170
-439 -534
-771 -21
-560 -39
-438 -78
-54 558
-124 224
559 214
-737 -290
-425 283
-97 -20
3 -239
460 3
-564 -249
135 204
-742 -1283
85 -417
-1353 -336
-659 -63
248 464
187 279
-12 -266
-20 -10
543 -55
119 91
30 -72
-119 -99
-11 -249
575 285
285 -166
236 -645
30 106
-43 -798
314 -466
134 -620
60 167
-71 -293
584 346
42 -300
-613 244
200 331
147 -137
-311 -350
-273 -1076
-262 -435
-132 10
568 -1078
73 -300
243 -335
1052 168
-110 49
-327 79
-234 -557
-233 -516
32 -555
-20 646
330 120
-729 -110
-424 110
793 -201
-530 373
-894 198
-226 -322
-727 -512
-212 464
589 -414
96 657
-147 -281
1061 -721
174 765
11 545
72 10
123 -347
714 -227
-545 576
-411 -727
710 311
304 454
-884 -84
-1 -318
-574 -236
135 -520
-198 211
23 685
60 381
-123 -155
-398 483
-180 -228
128 -283
196 137
-409 346
1174 -684
-689 358
-292 98
219 350
569 65
341 160
271 -664
-825 385
391 457
190 410
-245 346
492 -730
-652 97
8 -116
-478 -382
397 -58
265 -139
-586 -67
-267 -310
-322 -301
143 -42
-184 -666
152 612
318 36
364 409
180 403
351 -141
-900 -49
266 -697
109 179
441 -774
20 350
396 450
362 452
-51 -283
-95 346
1209 -132
620 231
-568 -505
579 -537
-131 126
-11 -302
393 -388
243 -279
357 392
309 -633
-30 831
193 -403
465 -415
781 278
-590 200
295 115
-370 886
245 489
117 -844
-1247 440
-20 750
185 -354
-55 51
-832 119
-902 745
-199 72
-243 315
-474 -26
763 -516
273 252
77 -25
-162 -416
239 154
451 556
496 375
93 -408
402 -624
-351 -93
-115 44
471 242
780 -87
-56 -378
197 246
335 -368
-745 231
-112 -408
134 439
25 -173
804 -85
-719 1591
-239 -305
146 177
-19 -226
252 641
658 127
-110 69
373 314
-95 355
-185 16
-113 -296
229 573
-200 603
74 -8
619 -210
299 167
-874 381
375 505
-294 -254
192 24
379 326
272 794
-85 -328
463 22
399 -174
-283 -476
-50 -169
-198 -1122
309 -177
-256 -269
487 -487
187 609
128 -64
-50 -76
-60 174
-283 -457
-614 93
51 590
202 -341
557 125
355 -475
567 -804
-170 -598
43 121
-556 98
1178 -228
-785 458
-184 -17
-432 -164
-467 -788
150 13
-325 -1066
-146 -166
-11 -6
-429 87
405 285
790 -16
562 -237
-171 244
304 -98
-603 328
-100 228
185 -1254
-231 -327
430 373
-96 793
-34 177
-643 450
483 -354
280 -513
1037 -627
127 487
-19 -1211
186 -79
234 187
152 777
-419 553
-453 -328
58 302
66 549
56 -59
355 59
670 -568
-116 102
-39 -320
353 -395
192 -302
394 452
294 -649
-71 833
110 -362
441 -495
786 304
-511 139
264 118
-319 831
187 521
190 -868
-1305 422
-95 741
219 -377
8 72
-812 114
-927 766
-178 112
-315 300
-466 -34
740 -485
258 311
28 31
-146 -414
273 126
433 547
446 369
144 -204
286 75
-603 -97
-152 -352
457 -11
-87 -331
623 621
25 497
-590 -131
-1492 161
0 -66
-787 -65
-175 -190
-484 -23
63 107
-303 799
-225 -337
578 717
1077 766
-304 -630
434 566
-737 397
455 1398
271 -310
443 -464
-125 -145
-52 -378
-251 -217
-209 300
-133 528
-113 -70
-2 -219
381 -187
-519 103
-247 -418
-389 666
831 -157
79 93
-92 467
673 394
427 -76
-393 36
400 387
-161 540
-97 -366
173 -52
-540 -90
-394 400
-100 -302
128 75
-346 -99
-6 93
-762 88
194 621
-170 154
399 124
-1019 -1013
-275 151
294 242
-194 -726
552 543
-140 282
-262 307
-310 391
-237 -113
21 -221
-46 -70
-152 667
774 -183
24 211
178 139
-694 -855
-168 652
-267 92
-254 222
-1052 -22
26 -354
276 771
-814 417
-192 -912
-707 -966
813 246
318 -172
-350 232
-586 -391
661 -414
-393 -647
201 -631
560 72
-63 -670
363 -45
206 -446
14 -92
-128 538
-125 -101
-15 179
22 -82
386 -69
545 -15
184 -31
-212 -833
154 -103
284 -403
-856 -293
-202 219
-764 105
-137 255
368 523
-106 -38
876 -79
-14 452
61 303
-352 -44
-871 -309
-712 -167
216 -388
831 313
-591 655
173 -512
885 391
-724 -217
-627 -49
-163 -153
-267 537
98 -540
-233 -295
-243 -558
-247 -344
134 -235
286 70
-598 -51
-149 -282
456 -45
-85 -339
614 647
55 512
-672 -154
-1472 113
-27 -45
-773 -85
-161 -177
-510 -28
100 145
-313 797
-225 -337
653 785
1080 801
-283 -618
431 622
-718 401
467 1395
331 -287
381 -407
-31 -117
-19 -376
-223 -214
-247 344
-193 518
-130 -45
81 -305
-425 214
-637 254
272 117
116 -671
787 -532
266 -463
-233 385
479 -173
277 37
406 396
156 -584
72 -455
-71 15
-591 -739
-47 170
174 -265
554 85
-161 343
-123 74
-7 441
303 536
-368 206
-19 -146
-115 213
-98 584
231 -424
17 -69
362 304
442 259
32 -415
-294 310
83 101
936 -485
-163 -330
-151 137
64 -179
964 253
628 185
-852 -92
-154 -171
-616 -994
-254 152
352 289
-236 -393
-624 240
71 12
867 139
-542 1068
-587 123
59 -298
508 -26
-456 -607
275 206
204 886
-392 783
-484 312
-101 -43
246 403
-293 -627
526 -39
-495 697
49 254
-384 1292
-153 -234
362 -204
-215 51
353 104
-564 586
249 508
147 -456
-363 75
381 -653
272 545
523 -518
-82 -458
-686 -191
259 505
264 -699
563 201
-445 -216
-412 96
563 539
-99 209
558 -333
-274 309
442 -239
-578 -500
545 710
309 -297
179 -196
-328 -329
467 -959
540 -177
-178 58
-81 -690
125 -702
-335 1082
283 -482
50 -417
148 -389
1017 65
-433 -214
-112 -724
-170 394
637 598
-78 596
987 384
428 -49
976 -288
11 -24
442 -140
69 62
-593 737
-207 40
-513 220
-707 -152
-95 74
-450 280
178 -68
-353 180
602 -946
969 -323
167 -372
192 -97
345 -374
-434 675
412 -481
121 578
-523 223
-573 308
243 86
104 -615
793 -551
270 -422
-276 431
567 -186
254 103
380 339
161 -623
140 -500
-124 -18
-552 -746
-7 147
163 -307
555 97
-211 370
-134 93
-30 479
271 563
-404 233
3 -138
-90 180
-118 548
243 -413
23 -68
426 295
413 255
-22 -361
-371 310
219 140
-437 -522
-244 -392
581 663
221 500
304 -119
-94 347
-404 69
-1080 162
-873 258
-36 510
499 -297
-517 291
-2 685
344 -584
1346 -177
-165 -208
222 448
484 -108
238 -38
-160 130
-238 -318
72 488
-60 -853
-776 276
392 237
-134 931
546 -126
496 -312
505 -543
-494 -311
-57 -237
-184 -182
-381 225
-153 -21
-97 -123
-325 -167
-455 -82
-457 84
-437 567
-393 191
124 -80
340 206
-483 83
244 663
-469 294
-7 -143
672 -774
281 212
-273 885
6 49
84 530
-361 721
-532 -350
176 -271
-481 -782
317 330
-439 346
-341 -179
37 729
-467 460
-796 25
225 -214
169 -56
-764 535
-141 -990
67 105
-183 109
843 118
-641 666
1054 141
408 -113
911 96
484 65
501 -475
100 -17
-742 307
-3 770
65 -15
-128 -232
92 8
245 -189
19 478
-242 50
645 64
-476 -48
-547 303
-206 382
369 -283
-390 -515
457 -67
-160 -250
436 371
303 -307
972 -731
180 -592
-566 712
844 -44
363 258
-313 547
205 -325
-221 42
-14 -257
564 150
-319 -243
1101 574
248 788
-978 -167
574 93
509 -42
-105 -238
797 131
-193 235
189 -375
617 20
-168 -88
418 1033
-152 265
-34 8
-785 497
622 77
-494 369
265 -110
-1104 -66
-114 -150
280 -522
298 365
-589 188
-409 88
-466 -475
-312 -428
611 629
197 506
275 -170
-111 334
-406 89
-1093 206
-880 260
-85 455
553 -310
-500 236
11 710
289 -611
1392 -212
-124 -287
157 442
449 -96
276 -83
-132 104
-234 -286
86 482
-54 -803
-809 241
384 280
-135 956
540 -100
573 -306
492 -496
-497 -280
-10 -238
-201 -155
88 566
14 310
-274 318
-22 270
-505 -371
-181 357
181 966
367 380
561 -403
58 -262
850 -510
-241 -288
325 62
417 510
-156 350
413 168
-520 143
325 -736
-674 -25
118 -220
-257 488
393 107
659 306
-28 289
-195 434
51 369
-283 11
-536 -301
-207 303
-328 -555
-46 -480
26 550
5 -89
-595 -32
-239 -351
-131 -565
61 -8
160 -757
912 -195
-543 -689
-257 479
-915 -1328
100 550
354 -333
-336 286
-50 -79
153 -750
-964 215
-35 -218
105 -715
-496 80
356 199
724 -607
208 23
174 -56
230 190
-465 749
-354 461
109 635
379 -37
12 -190
-651 206
537 -1002
911 346
-165 -83
-795 -588
400 -45
404 -265
-165 180
15 571
-237 380
282 83
335 478
-409 -39
552 359
-118 316
151 -113
352 -367
187 -314
320 -218
-454 -615
-539 515
-274 -20
-641 -401
221 -674
314 448
194 -24
-460 -335
-504 159
170 -109
-486 -498
14 1239
-224 42
124 10
195 210
31 1031
-564 -254
621 120
-559 273
-208 -996
-399 35
-1088 622
363 138
-82 -137
-158 -83
-1006 347
39 548
462 -510
401 -174
-612 -191
-371 37
262 -920
471 -516
-70 225
268 425
-274 463
-350 342
-738 12
454 16
-213 -221
47 22
-643 168
-1437 119
64 18
-128 979
-833 -626
4 -242
-247 -506
159 579
43 330
-200 354
-79 247
-423 -316
-109 376
205 976
389 322
545 -406
51 -242
854 -469
-289 -274
412 79
363 522
-142 339
368 178
-541 120
312 -735
-674 -57
102 -193
-332 512
418 140
707 325
-55 257
-181 436
22 358
-253 -9
-555 -311
-146 238
-239 -593
-93 -470
64 559
-491 437
-631 663
381 163
117 511
687 1
440 463
-727 373
-283 76
-174 257
218 -245
405 -87
632 257
-36 -418
-711 710
274 463
466 -359
-99 227
1037 423
-868 -2
-119 766
-16 116
93 -523
-347 -50
-400 -164
-31 -3
-396 -872
-547 -125
-445 -50
-57 -303
219 229
126 519
217 713
620 -649
-35 181
345 203
-140 -42
58 195
-285 3
-769 1079
-833 -324
373 230
-732 -341
-646 -128
-94 -139
-944 203
-359 -84
385 174
-276 618
45 -418
-357 -269
-429 130
371 -105
-141 -535
124 -497
-230 390
-68 -154
322 -22
18 117
197 -102
-92 76
-743 -109
-279 833
244 -197
613 292
444 292
-817 408
1044 168
670 1207
-20 -46
-139 204
774 148
666 -227
-26 -374
1290 -536
-129 92
424 941
-559 826
-493 -540
-304 159
92 219
303 101
242 -1023
537 -818
-500 580
-50 -28
342 183
-601 632
-287 245
521 214
-663 13
112 -102
-216 356
647 -357
-659 209
16 72
-109 -347
389 -620
1255 758
359 126
-603 555
141 -167
-111 206
827 -518
89 524
-363 -347
190 -395
405 -584
117 88
-131 208
-671 53
1013 -172
-232 233
328 -35
-69 21
26 281
-710 -82
409 23
110 -42
-372 133
746 372
-301 179
-34 111
211 -336
-11 198
257 19
539 -357
-115 -270
-665 -484
-512 382
-645 662
361 128
156 501
705 -8
485 429
-709 372
-217 72
-214 276
242 -206
445 -81
702 270
0 -391
-656 693
249 524
511 -347
-122 184
1030 391
-851 3
-121 797
-3 127
137 -558
-360 -23
-397 -192
19 -53
-436 -921
-553 -164
-488 -136
-58 -305
256 235
85 517
280 688
-472 -9
-392 476
-212 -355
-323 -128
255 734
-157 -148
-228 404
-703 -231
-302 461
35 1007
-44 337
-545 -659
295 -413
-386 -7
-192 -695
-424 -130
285 424
-607 130
341 -437
-341 120
186 393
488 768
-392 448
693 244
-751 315
-55 -148
524 522
340 -425
-482 290
-466 143
282 -473
-282 170
65 64
-630 -265
-153 -32
180 -417
522 343
200 -363
327 224
-522 194
-480 569
27 536
786 585
-233 1158
-1278 285
346 -308
20 -701
-98 110
82 -8
65 -255
-47 -77
228 438
-139 445
346 -689
-99 -336
-31 294
185 439
-95 844
-131 -436
52 -292
-306 -542
73 390
513 -275
533 842
317 162
419 -484
150 -114
419 -36
216 -1344
-1068 -39
504 28
-613 -86
-113 606
-737 118
133 350
-467 -571
204 -164
-758 120
224 93
111 189
-389 -293
-300 449
-558 -148
-579 -74
-1134 396
-806 327
-155 -845
162 252
744 -574
-635 119
25 130
638 -217
67 -470
-450 74
-127 -939
448 794
-658 -1367
494 -578
-189 142
-611 -815
626 512
553 665
-402 151
-45 -388
110 147
491 282
-242 -392
-119 205
-226 128
235 -31
300 -286
-197 562
262 477
175 45
155 -247
75 -889
38 -768
-194 -135
320 482
325 421
-38 -218
-70 -374
407 -710
90 -454
-80 308
36 -439
94 38
-348 341
-528 -17
-387 522
-201 -356
-308 -75
259 695
-139 -161
-253 427
-717 -202
-301 509
11 997
-52 342
-515 -640
325 -460
-355 -42
-204 -670
-389 -137
316 388
-590 106
323 -461
-372 116
169 332
490 765
-381 351
703 234
-836 350
-67 -162
510 493
332 -377
-509 322
-450 132
255 -437
-228 200
-292 269
-658 52
174 -244
0 62
-345 -798
373 279
-143 -366
-1096 -388
214 -1083
214 567
1199 -449
138 66
501 528
-114 -495
-277 -131
396 367
-788 65
742 -882
182 406
-189 -945
-316 -212
134 -143
1043 -844
-441 -279
-884 -321
-459 -370
-53 799
-267 -200
583 -189
328 -320
-29 -846
319 111
427 -400
937 153
345 -212
-182 188
-172 18
5 336
-713 249
212 27
-126 359
-496 498
311 -419
256 -98
609 -62
184 359
176 -140
229 -101
-527 17
346 -308
327 -179
-146 -267
171 972
735 -666
436 1
-446 27
448 318
-63 -5
-1111 14
-379 -428
656 -327
-29 72
388 -27
-222 -305
36 -178
-156 911
-502 -81
-651 -784
-298 -166
-257 -316
41 1003
-273 159
462 -64
653 61
712 -92
163 -174
-350 -396
255 215
633 33
504 -373
385 564
437 585
21 -158
-224 -54
21 104
166 -491
522 115
119 -195
181 162
132 -47
259 -113
-746 4
345 695
286 -543
-626 680
29 -500
-782 247
57 633
-234 554
-128 -376
154 137
76 158
-253 216
603 -668
-265 -264
-58 325
58 992
236 -77
1283 -162
-185 -876
188 281
123 -92
466 124
-615 608
-615 619
3 60
-17 -58
551 291
296 423
-112 935
14 380
355 -339
69 218
892 -174
543 205
-561 327
640 -447
-57 541
-381 270
-643 39
177 -238
-17 -5
-333 -751
380 230
-170 -384
-1046 -375
218 -1054
271 568
1115 -518
61 136
462 422
-201 -464
-276 -102
363 393
-803 16
705 -862
159 392
-153 -935
-342 -207
170 -176
1037 -837
-428 -259
-933 -289
-402 -462
-90 801
-294 -212
570 -136
302 -274
-34 -800
325 40
-269 -192
239 169
-28 462
-169 -576
-209 676
858 -917
132 184
116 -568
457 289
-141 -254
-591 -777
536 497
-39 592
18 -409
731 365
-68 11
-435 -89
208 266
-194 -188
191 -51
1243 112
81 949
-279 -143
206 -97
387 636
-244 984
225 215
431 597
-557 -391
-675 92
-345 425
495 -500
204 396
199 -295
195 169
401 47
-632 -588
330 -584
-371 80
294 -372
-465 240
73 -145
548 258
431 -439
-447 423
-129 648
66 583
-704 161
-371 1023
431 0
-177 235
931 -332
-761 -297
-90 -411
707 367
125 -96
-319 1009
-197 663
344 668
800 -99
77 -215
-291 -435
-169 457
-383 158
-369 -761
369 143
-349 -481
-14 479
-167 -171
-393 91
52 696
-10 -582
-239 -430
50 686
-380 149
-482 -85
445 470
-510 -104
-65 -735
23 -106
114 201
474 -342
-86 -947
362 -300
-303 -698
-342 -63
-41 -712
-20 -179
486 107
-396 154
140 158
-609 137
76 328
-449 -270
184 -260
821 72
404 1
-91 -79
-858 527
-614 -66
-189 -28
-440 -6
-375 -854
-257 13
-20 -353
297 1172
-215 974
-66 -674
-92 296
405 285
127 749
428 456
287 66
430 70
-452 118
695 657
380 345
-982 94
-674 706
264 -206
800 -268
269 482
330 -327
-321 -48
-131 -825
74 536
-242 280
-165 413
-290 -123
227 111
-48 537
-152 -581
-250 727
867 -908
143 212
109 -513
423 220
-57 -134
-631 -796
456 437
-9 655
-52 -372
710 333
-101 34
-456 -128
276 188
-196 -224
225 -66
1187 162
128 906
-247 -127
253 -62
392 683
-213 1023
222 157
469 589
-558 -382
-631 93
-285 365
513 -418
324 -362
-134 205
478 -729
741 86
866 371
-629 -131
-18 -281
45 319
-449 725
-400 12
848 -50
967 456
-348 -153
41 -448
698 618
409 -126
-358 508
