478 -112
-14 28
460 -10
-22 2
-478 -52
20 46
102 -486
-20 -8
162 -430
2 28
-258 412
-2 -18
-282 368
-8 12
326 -324
-2 -16
-364 294
-2 4
-402 254
-4 0
190 430
-10 10
-142 -440
22 26
114 470
12 -20
22 488
-10 12
-30 462
4 22
458 144
2 30
448 140
16 2
-434 -204
6 -12
-262 408
12 -6
360 350
14 -20
302 330
8 -4
-258 -406
-24 2
446 -220
10 -4
-462 150
16 -22
-70 -468
-2 -2
34 480
2 -10
484 26
-4 2
80 -468
12 -12
-456 -158
14 16
-184 450
10 26
414 262
8 -24
314 -398
2 -6
-362 -364
-14 8
-280 338
-2 -14
-346 -328
8 -10
-274 -330
-8 0
-238 -382
18 -12
-402 180
10 -2
458 -136
0 4
-62 -452
-22 0
-24 -454
2 20
42 -434
12 0
-98 434
-10 2
422 140
6 10
-214 394
-20 -12
270 -396
6 8
-314 330
8 -6
-318 304
2 -6
384 -264
-4 14
202 364
-2 12
-162 -412
12 -2
-96 -446
-30 8
-34 -434
-8 4
450 42
24 2
-454 -64
2 -8
434 150
16 38
210 -416
2 -18
394 252
-14 -42
-304 358
-4 6
-300 324
20 -8
-352 274
22 -8
-192 -414
2 -30
418 -234
32 -36
-450 50
